antibiotic_pastmonth-NO	num_adults_<=2	age_(2_5]	hiv_medicines-NO	tb_medicines-NO	birthplace-_11	cd4_class-MODERATE	child_sick-YES	num_children_house_<=2	father_hiv-YES	father_alive-NO	father_tb_death-YES	female	hinfluenzae-NO	hinfluenzae_type_b-NO	mother_alive-YES	movement_place_of_birth-NO	mrsa_bacteria-NO	nose_snot-YES	antibiotics_at_present-NO	runny_nose-YES	saureus_bacteria-NO	spneumo_bacteria-NO	sviridans_bacteria-NO	tb_child-NO	tb_exp-YES	septran_prophylaxis-YES	immunisation_completed-YES	waz_cat-_2	num_people_house_<=4	full_immunisation_completed-YES	antibiotic_pastmonth-YES	num_adults_3-5	cd4_class-NORMAL	num_children_house_(2_5]	father_alive-YES	male	antibiotics_at_present-YES	spneumo_bacteria-YES	tb_child-YES	immunisation_completed-NO	waz_cat-_1	num_people_house_(4_10]	num_adults_>5	birthplace-_13	child_sick-NO	movement_place_of_birth-YES	nose_snot-NO	runny_nose-NO	tb_exp-NO	age_>5	hiv_medicines-YES	cd4_class-SEVERE	saureus_bacteria-YES	sviridans_bacteria-YES	waz_cat-_3	full_immunisation_completed-NO	birthplace-_1	mother_alive-NO	birthplace-_8	movement_within_age2-YES	birthplace-_15	movement_within_age2-NO	age_(1-2]	tb_Medicines-YES	birthplace-_12	septran_prophylaxis-NO	birthplace-_7	birthplace-_19	mrsa_bacteria-YES	birthplace-_	hinfluenzae-YES	mother_hiv-YES	birthplace-_16	hinfluenzae_type_b-YES	father_tb_death-NO	father_hiv-NO	mother_hiv-NO	num_people_house_>10	age_<=1	num_children_house_>5	birthplace-_2	birthplace-_4	birthplace-_3	birthplace-_20	birthplace-_9	
0.0	0.0	0.0	0.0	0.0	0.0	0.0	0.0	0.0	0.0	0.0	0.0	0.0	0.1544	0.1704	0.0	0.0	0.8402	0.0	0.0	0.0	0.556	0.6286	0.0106	0.0	0.0	0.0	0.0	0.0	0.0	0.0	0.0	0.0	0.0	0.0	0.0	0.0	0.0	0.2284	0.0	0.0	0.0	0.0	0.0	0.0	0.0	0.0	0.0	0.0	0.0	0.0	0.0	0.0	0.2704	0.9702	0.0	0.0	0.0	0.0	0.0	0.0	0.0	0.0	0.0	0.0	0.0	0.0	0.0	0.0	0.0	0.0	0.7348	0.0	0.0	0.6722	0.0	0.0	0.0	0.0	0.0	0.0	0.0	0.0	0.0	0.0	0.0	
0.0	0.0	0.0	0.0	0.0	0.0	0.0	0.0	0.0	0.0	0.0	0.0	0.0	0.1884	0.37	0.0	0.0	0.3902	0.0	0.0	0.0	0.5372	0.181	0.6508	0.0	0.0	0.0	0.0	0.0	0.0	0.0	0.0	0.0	0.0	0.0	0.0	0.0	0.0	0.7426	0.0	0.0	0.0	0.0	0.0	0.0	0.0	0.0	0.0	0.0	0.0	0.0	0.0	0.0	0.3494	0.212	0.0	0.0	0.0	0.0	0.0	0.0	0.0	0.0	0.0	0.0	0.0	0.0	0.0	0.0	0.4126	0.0	0.7274	0.0	0.0	0.493	0.0	0.0	0.0	0.0	0.0	0.0	0.0	0.0	0.0	0.0	0.0	
0.0	0.0	0.0	0.0	0.0	0.0	0.0	0.0	0.0	0.0	0.0	0.0	0.0	0.3576	0.2346	0.0	0.0	0.302	0.0	0.0	0.0	0.4112	0.133	0.9476	0.0	0.0	0.0	0.0	0.0	0.0	0.0	0.0	0.0	0.0	0.0	0.0	0.0	0.0	0.7892	0.0	0.0	0.0	0.0	0.0	0.0	0.0	0.0	0.0	0.0	0.0	0.0	0.0	0.0	0.4568	0.0128	0.0	0.0	0.0	0.0	0.0	0.0	0.0	0.0	0.0	0.0	0.0	0.0	0.0	0.0	0.4768	0.0	0.5168	0.0	0.0	0.6216	0.0	0.0	0.0	0.0	0.0	0.0	0.0	0.0	0.0	0.0	0.0	
0.0	0.0	0.0	0.0	0.0	0.0	0.0	0.0	0.0	0.0	0.0	0.0	0.0	0.3818	0.304	0.0	0.0	0.4736	0.0	0.0	0.0	0.6152	0.2228	0.515	0.0	0.0	0.0	0.0	0.0	0.0	0.0	0.0	0.0	0.0	0.0	0.0	0.0	0.0	0.7138	0.0	0.0	0.0	0.0	0.0	0.0	0.0	0.0	0.0	0.0	0.0	0.0	0.0	0.0	0.3082	0.3798	0.0	0.0	0.0	0.0	0.0	0.0	0.0	0.0	0.0	0.0	0.0	0.0	0.0	0.0	0.3826	0.0	0.5342	0.0	0.0	0.5958	0.0	0.0	0.0	0.0	0.0	0.0	0.0	0.0	0.0	0.0	0.0	
0.0	0.0	0.0	0.0	0.0	0.0	0.0	0.0	0.0	0.0	0.0	0.0	0.0	0.2042	0.2716	0.0	0.0	0.3052	0.0	0.0	0.0	0.2884	0.2444	0.365	0.0	0.0	0.0	0.0	0.0	0.0	0.0	0.0	0.0	0.0	0.0	0.0	0.0	0.0	0.6904	0.0	0.0	0.0	0.0	0.0	0.0	0.0	0.0	0.0	0.0	0.0	0.0	0.0	0.0	0.6358	0.5402	0.0	0.0	0.0	0.0	0.0	0.0	0.0	0.0	0.0	0.0	0.0	0.0	0.0	0.0	0.5692	0.0	0.7326	0.0	0.0	0.6392	0.0	0.0	0.0	0.0	0.0	0.0	0.0	0.0	0.0	0.0	0.0	
0.0	0.0	0.0	0.0	0.0	0.0	0.0	0.0	0.0	0.0	0.0	0.0	0.0	0.6808	0.1974	0.0	0.0	0.792	0.0	0.0	0.0	0.7126	0.867	0.6308	0.0	0.0	0.0	0.0	0.0	0.0	0.0	0.0	0.0	0.0	0.0	0.0	0.0	0.0	0.0582	0.0	0.0	0.0	0.0	0.0	0.0	0.0	0.0	0.0	0.0	0.0	0.0	0.0	0.0	0.1368	0.1552	0.0	0.0	0.0	0.0	0.0	0.0	0.0	0.0	0.0	0.0	0.0	0.0	0.0	0.0	0.0	0.0	0.1762	0.0	0.0	0.6242	0.0	0.0	0.0	0.0	0.0	0.0	0.0	0.0	0.0	0.0	0.0	
0.0	0.0	0.0	0.0	0.0	0.0	0.0	0.0	0.0	0.0	0.0	0.0	0.0	0.2992	0.0464	0.0	0.0	0.324	0.0	0.0	0.0	0.5066	0.8768	0.2688	0.0	0.0	0.0	0.0	0.0	0.0	0.0	0.0	0.0	0.0	0.0	0.0	0.0	0.0	0.071	0.0	0.0	0.0	0.0	0.0	0.0	0.0	0.0	0.0	0.0	0.0	0.0	0.0	0.0	0.3768	0.6002	0.0	0.0	0.0	0.0	0.0	0.0	0.0	0.0	0.0	0.0	0.0	0.0	0.0	0.0	0.4796	0.0	0.604	0.0	0.0	0.9132	0.0	0.0	0.0	0.0	0.0	0.0	0.0	0.0	0.0	0.0	0.0	
0.0	0.0	0.0	0.0	0.0	0.0	0.0	0.0	0.0	0.0	0.0	0.0	0.0	0.8466	0.8036	0.0	0.0	0.488	0.0	0.0	0.0	0.439	0.8338	0.3696	0.0	0.0	0.0	0.0	0.0	0.0	0.0	0.0	0.0	0.0	0.0	0.0	0.0	0.0	0.103	0.0	0.0	0.0	0.0	0.0	0.0	0.0	0.0	0.0	0.0	0.0	0.0	0.0	0.0	0.4302	0.4802	0.0	0.0	0.0	0.0	0.0	0.0	0.0	0.0	0.0	0.0	0.0	0.0	0.0	0.0	0.2852	0.0	0.091	0.0	0.0	0.1002	0.0	0.0	0.0	0.0	0.0	0.0	0.0	0.0	0.0	0.0	0.0	
0.0	0.0	0.0	0.0	0.0	0.0	0.0	0.0	0.0	0.0	0.0	0.0	0.0	0.6838	0.756	0.0	0.0	0.3172	0.0	0.0	0.0	0.3094	0.3506	0.2834	0.0	0.0	0.0	0.0	0.0	0.0	0.0	0.0	0.0	0.0	0.0	0.0	0.0	0.0	0.5654	0.0	0.0	0.0	0.0	0.0	0.0	0.0	0.0	0.0	0.0	0.0	0.0	0.0	0.0	0.606	0.6034	0.0	0.0	0.0	0.0	0.0	0.0	0.0	0.0	0.0	0.0	0.0	0.0	0.0	0.0	0.5226	0.0	0.2326	0.0	0.0	0.1568	0.0	0.0	0.0	0.0	0.0	0.0	0.0	0.0	0.0	0.0	0.0	
0.0	0.0	0.0	0.0	0.0	0.0	0.0	0.0	0.0	0.0	0.0	0.0	0.0	0.3878	0.4178	0.0	0.0	0.1528	0.0	0.0	0.0	0.2136	0.5814	0.7938	0.0	0.0	0.0	0.0	0.0	0.0	0.0	0.0	0.0	0.0	0.0	0.0	0.0	0.0	0.3324	0.0	0.0	0.0	0.0	0.0	0.0	0.0	0.0	0.0	0.0	0.0	0.0	0.0	0.0	0.7078	0.1214	0.0	0.0	0.0	0.0	0.0	0.0	0.0	0.0	0.0	0.0	0.0	0.0	0.0	0.0	0.7312	0.0	0.5232	0.0	0.0	0.4492	0.0	0.0	0.0	0.0	0.0	0.0	0.0	0.0	0.0	0.0	0.0	
0.0	0.0	0.0	0.0	0.0	0.0	0.0	0.0	0.0	0.0	0.0	0.0	0.0	0.148	0.167	0.0	0.0	0.348	0.0	0.0	0.0	0.7564	0.2962	0.8968	0.0	0.0	0.0	0.0	0.0	0.0	0.0	0.0	0.0	0.0	0.0	0.0	0.0	0.0	0.5862	0.0	0.0	0.0	0.0	0.0	0.0	0.0	0.0	0.0	0.0	0.0	0.0	0.0	0.0	0.1472	0.0402	0.0	0.0	0.0	0.0	0.0	0.0	0.0	0.0	0.0	0.0	0.0	0.0	0.0	0.0	0.4226	0.0	0.7614	0.0	0.0	0.7128	0.0	0.0	0.0	0.0	0.0	0.0	0.0	0.0	0.0	0.0	0.0	
0.0	0.0	0.0	0.0	0.0	0.0	0.0	0.0	0.0	0.0	0.0	0.0	0.0	0.707	0.4178	0.0	0.0	0.2194	0.0	0.0	0.0	0.2314	0.0744	0.428	0.0	0.0	0.0	0.0	0.0	0.0	0.0	0.0	0.0	0.0	0.0	0.0	0.0	0.0	0.6892	0.0	0.0	0.0	0.0	0.0	0.0	0.0	0.0	0.0	0.0	0.0	0.0	0.0	0.0	0.3504	0.0	0.0	0.0	0.0	0.0	0.0	0.0	0.0	0.0	0.0	0.0	0.0	0.0	0.0	0.0	0.0	0.0	0.0	0.0	0.0	0.0	0.0	0.0	0.0	0.0	0.0	0.0	0.0	0.0	0.0	0.0	0.0	
0.0	0.0	0.0	0.0	0.0	0.0	0.0	0.0	0.0	0.0	0.0	0.0	0.0	0.3034	0.6142	0.0	0.0	0.3652	0.0	0.0	0.0	0.128	0.1364	0.6154	0.0	0.0	0.0	0.0	0.0	0.0	0.0	0.0	0.0	0.0	0.0	0.0	0.0	0.0	0.7932	0.0	0.0	0.0	0.0	0.0	0.0	0.0	0.0	0.0	0.0	0.0	0.0	0.0	0.0	0.8064	0.2528	0.0	0.0	0.0	0.0	0.0	0.0	0.0	0.0	0.0	0.0	0.0	0.0	0.0	0.0	0.4316	0.0	0.5898	0.0	0.0	0.246	0.0	0.0	0.0	0.0	0.0	0.0	0.0	0.0	0.0	0.0	0.0	
0.1544	0.1884	0.3576	0.3818	0.2042	0.6808	0.2992	0.8466	0.6838	0.3878	0.148	0.707	0.3034	0.0	0.9892	0.5764	0.6518	0.5024	0.0546	0.56	0.4996	0.2632	0.8034	0.6622	0.421	0.5136	0.2684	0.4794	0.338	0.5444	0.3158	0.7874	0.845	0.5178	0.3	0.8046	0.5676	0.2752	0.0974	0.9658	0.4936	0.0738	0.5504	0.2302	0.2006	0.362	0.1342	0.654	0.8416	0.29	0.3824	0.5514	0.8356	0.734	0.1588	0.9288	0.7896	0.3294	0.1612	0.9202	0.6542	0.0548	0.0094	0.588	0.986	0.4998	0.951	0.6778	0.192	0.3446	0.0632	0.0	0.1822	0.1124	0.0	0.0	0.401	0.516	0.1266	0.3928	0.13	0.4426	0.4528	0.0	0.264	0.277	
0.1704	0.37	0.2346	0.304	0.2716	0.1974	0.0464	0.8036	0.756	0.4178	0.167	0.4178	0.6142	0.9892	0.0	0.271	0.4784	0.4276	0.1064	0.2128	0.7694	0.3086	0.4388	0.6492	0.6008	0.4648	0.275	0.5344	0.2896	0.5716	0.3694	0.9556	0.5696	0.94	0.345	0.4684	0.2574	0.7346	0.4972	0.8198	0.5628	0.208	0.5586	0.2238	0.0878	0.851	0.2686	0.4736	0.849	0.3216	0.3746	0.6486	0.7708	0.6556	0.203	0.757	0.2666	0.3632	0.6314	0.8574	0.7384	0.0474	0.2176	0.6002	0.8526	0.1648	0.7384	0.2552	0.8066	0.4704	0.3298	0.0022	0.1818	0.4942	0.0	0.1284	0.0572	0.1216	0.0584	0.4778	0.033	0.238	0.2318	0.0	0.1278	0.1206	
0.0	0.0	0.0	0.0	0.0	0.0	0.0	0.0	0.0	0.0	0.0	0.0	0.0	0.5764	0.271	0.0	0.0	0.2486	0.0	0.0	0.0	0.5082	0.368	0.3824	0.0	0.0	0.0	0.0	0.0	0.0	0.0	0.0	0.0	0.0	0.0	0.0	0.0	0.0	0.556	0.0	0.0	0.0	0.0	0.0	0.0	0.0	0.0	0.0	0.0	0.0	0.0	0.0	0.0	0.4092	0.5126	0.0	0.0	0.0	0.0	0.0	0.0	0.0	0.0	0.0	0.0	0.0	0.0	0.0	0.0	0.6202	0.0	0.3446	0.0	0.0	0.6358	0.0	0.0	0.0	0.0	0.0	0.0	0.0	0.0	0.0	0.0	0.0	
0.0	0.0	0.0	0.0	0.0	0.0	0.0	0.0	0.0	0.0	0.0	0.0	0.0	0.6518	0.4784	0.0	0.0	0.6348	0.0	0.0	0.0	0.4472	0.384	0.4872	0.0	0.0	0.0	0.0	0.0	0.0	0.0	0.0	0.0	0.0	0.0	0.0	0.0	0.0	0.5266	0.0	0.0	0.0	0.0	0.0	0.0	0.0	0.0	0.0	0.0	0.0	0.0	0.0	0.0	0.4564	0.3934	0.0	0.0	0.0	0.0	0.0	0.0	0.0	0.0	0.0	0.0	0.0	0.0	0.0	0.0	0.196	0.0	0.2684	0.0	0.0	0.3992	0.0	0.0	0.0	0.0	0.0	0.0	0.0	0.0	0.0	0.0	0.0	
0.8402	0.3902	0.302	0.4736	0.3052	0.792	0.324	0.488	0.3172	0.1528	0.348	0.2194	0.3652	0.5024	0.4276	0.2486	0.6348	0.0	0.1986	0.7428	0.0286	0.8298	0.4892	0.3612	0.3304	0.217	0.3722	0.1604	0.3468	0.5342	0.1034	0.1672	0.2384	0.214	0.4026	0.3728	0.3918	0.0618	0.4356	0.3392	0.3088	0.198	0.1782	0.467	0.4192	0.1646	0.1132	0.3788	0.8536	0.594	0.3162	0.2014	0.4926	0.1064	0.5694	0.5658	0.811	0.194	0.5976	0.2064	0.1232	0.27	0.4578	0.3648	0.5734	0.3056	0.115	0.086	0.032	0.0	0.1058	0.4254	0.2432	0.2602	0.4738	0.051	0.5188	0.458	0.4004	0.2642	0.3338	0.1112	0.1142	0.0592	0.064	0.0566	
0.0	0.0	0.0	0.0	0.0	0.0	0.0	0.0	0.0	0.0	0.0	0.0	0.0	0.0546	0.1064	0.0	0.0	0.1986	0.0	0.0	0.0	0.2388	0.159	0.0982	0.0	0.0	0.0	0.0	0.0	0.0	0.0	0.0	0.0	0.0	0.0	0.0	0.0	0.0	0.716	0.0	0.0	0.0	0.0	0.0	0.0	0.0	0.0	0.0	0.0	0.0	0.0	0.0	0.0	0.6058	0.7842	0.0	0.0	0.0	0.0	0.0	0.0	0.0	0.0	0.0	0.0	0.0	0.0	0.0	0.0	0.5306	0.0	0.8748	0.0	0.0	0.7752	0.0	0.0	0.0	0.0	0.0	0.0	0.0	0.0	0.0	0.0	0.0	
0.0	0.0	0.0	0.0	0.0	0.0	0.0	0.0	0.0	0.0	0.0	0.0	0.0	0.56	0.2128	0.0	0.0	0.7428	0.0	0.0	0.0	0.71	0.7534	0.2174	0.0	0.0	0.0	0.0	0.0	0.0	0.0	0.0	0.0	0.0	0.0	0.0	0.0	0.0	0.1826	0.0	0.0	0.0	0.0	0.0	0.0	0.0	0.0	0.0	0.0	0.0	0.0	0.0	0.0	0.2188	0.6804	0.0	0.0	0.0	0.0	0.0	0.0	0.0	0.0	0.0	0.0	0.0	0.0	0.0	0.0	0.1302	0.0	0.3564	0.0	0.0	0.6924	0.0	0.0	0.0	0.0	0.0	0.0	0.0	0.0	0.0	0.0	0.0	
0.0	0.0	0.0	0.0	0.0	0.0	0.0	0.0	0.0	0.0	0.0	0.0	0.0	0.4996	0.7694	0.0	0.0	0.0286	0.0	0.0	0.0	0.4554	0.7072	0.5908	0.0	0.0	0.0	0.0	0.0	0.0	0.0	0.0	0.0	0.0	0.0	0.0	0.0	0.0	0.183	0.0	0.0	0.0	0.0	0.0	0.0	0.0	0.0	0.0	0.0	0.0	0.0	0.0	0.0	0.4038	0.233	0.0	0.0	0.0	0.0	0.0	0.0	0.0	0.0	0.0	0.0	0.0	0.0	0.0	0.0	0.914	0.0	0.359	0.0	0.0	0.1068	0.0	0.0	0.0	0.0	0.0	0.0	0.0	0.0	0.0	0.0	0.0	
0.556	0.5372	0.4112	0.6152	0.2884	0.7126	0.5066	0.439	0.3094	0.2136	0.7564	0.2314	0.128	0.2632	0.3086	0.5082	0.4472	0.8298	0.2388	0.71	0.4554	0.0	0.6722	0.3036	0.338	0.739	0.4702	0.3386	0.1734	0.5196	0.3436	0.079	0.3016	0.1938	0.6782	0.457	0.7826	0.1212	0.2356	0.5474	0.4296	0.9362	0.3096	0.3962	0.9098	0.1974	0.4224	0.426	0.2036	0.4356	0.2796	0.1268	0.2296	0.0	0.7068	0.1416	0.313	0.4282	0.3886	0.0794	0.708	0.5796	0.2384	0.512	0.8692	0.4184	0.4146	0.0912	0.2886	0.001	0.0352	0.7212	0.5568	0.3254	0.7098	0.2326	0.5438	0.182	0.459	0.7278	0.3268	0.0548	0.4034	0.245	0.0	0.246	
0.6286	0.181	0.133	0.2228	0.2444	0.867	0.8768	0.8338	0.3506	0.5814	0.2962	0.0744	0.1364	0.8034	0.4388	0.368	0.384	0.4892	0.159	0.7534	0.7072	0.6722	0.0	0.2082	0.5006	0.4118	0.1926	0.2586	0.126	0.221	0.345	0.6244	0.7218	0.0574	0.3542	0.7322	0.7584	0.0988	0.0	0.7598	0.2114	0.2568	0.5222	0.4382	0.2244	0.2868	0.4908	0.6852	0.606	0.6006	0.5816	0.8856	0.6356	0.2032	0.8544	0.908	0.9226	0.4054	0.6256	0.3452	0.687	0.1578	0.0768	0.625	0.9292	0.8566	0.8124	0.7004	0.0782	0.3624	0.0184	0.0914	0.432	0.401	0.4886	0.0	0.8898	0.9626	0.6476	0.4278	0.6852	0.0774	0.483	0.2752	0.0	0.265	
0.0106	0.6508	0.9476	0.515	0.365	0.6308	0.2688	0.3696	0.2834	0.7938	0.8968	0.428	0.6154	0.6622	0.6492	0.3824	0.4872	0.3612	0.0982	0.2174	0.5908	0.3036	0.2082	0.0	0.6068	0.5946	0.4736	0.7622	0.175	0.712	0.4988	0.7608	0.2798	0.7584	0.712	0.245	0.2604	0.748	0.7704	0.0594	0.1736	0.7954	0.179	0.2204	0.7036	0.2962	0.275	0.6076	0.1624	0.1118	0.1788	0.232	0.1534	0.6528	0.0	0.2758	0.2688	0.3636	0.4242	0.255	0.4806	0.0118	0.9696	0.0452	0.5498	0.0312	0.3672	0.2776	0.4574	0.611	0.3216	0.2558	0.4962	0.4958	0.2092	0.1268	0.0102	0.1274	0.3288	0.1222	0.2454	0.2358	0.2282	0.1214	0.1216	0.127	
0.0	0.0	0.0	0.0	0.0	0.0	0.0	0.0	0.0	0.0	0.0	0.0	0.0	0.421	0.6008	0.0	0.0	0.3304	0.0	0.0	0.0	0.338	0.5006	0.6068	0.0	0.0	0.0	0.0	0.0	0.0	0.0	0.0	0.0	0.0	0.0	0.0	0.0	0.0	0.3738	0.0	0.0	0.0	0.0	0.0	0.0	0.0	0.0	0.0	0.0	0.0	0.0	0.0	0.0	0.5388	0.2268	0.0	0.0	0.0	0.0	0.0	0.0	0.0	0.0	0.0	0.0	0.0	0.0	0.0	0.0	0.4412	0.0	0.4472	0.0	0.0	0.2404	0.0	0.0	0.0	0.0	0.0	0.0	0.0	0.0	0.0	0.0	0.0	
0.0	0.0	0.0	0.0	0.0	0.0	0.0	0.0	0.0	0.0	0.0	0.0	0.0	0.5136	0.4648	0.0	0.0	0.217	0.0	0.0	0.0	0.739	0.4118	0.5946	0.0	0.0	0.0	0.0	0.0	0.0	0.0	0.0	0.0	0.0	0.0	0.0	0.0	0.0	0.49	0.0	0.0	0.0	0.0	0.0	0.0	0.0	0.0	0.0	0.0	0.0	0.0	0.0	0.0	0.184	0.2812	0.0	0.0	0.0	0.0	0.0	0.0	0.0	0.0	0.0	0.0	0.0	0.0	0.0	0.0	0.6306	0.0	0.3926	0.0	0.0	0.3988	0.0	0.0	0.0	0.0	0.0	0.0	0.0	0.0	0.0	0.0	0.0	
0.0	0.0	0.0	0.0	0.0	0.0	0.0	0.0	0.0	0.0	0.0	0.0	0.0	0.2684	0.275	0.0	0.0	0.3722	0.0	0.0	0.0	0.4702	0.1926	0.4736	0.0	0.0	0.0	0.0	0.0	0.0	0.0	0.0	0.0	0.0	0.0	0.0	0.0	0.0	0.748	0.0	0.0	0.0	0.0	0.0	0.0	0.0	0.0	0.0	0.0	0.0	0.0	0.0	0.0	0.445	0.4212	0.0	0.0	0.0	0.0	0.0	0.0	0.0	0.0	0.0	0.0	0.0	0.0	0.0	0.0	0.4898	0.0	0.6604	0.0	0.0	0.6328	0.0	0.0	0.0	0.0	0.0	0.0	0.0	0.0	0.0	0.0	0.0	
0.0	0.0	0.0	0.0	0.0	0.0	0.0	0.0	0.0	0.0	0.0	0.0	0.0	0.4794	0.5344	0.0	0.0	0.1604	0.0	0.0	0.0	0.3386	0.2586	0.7622	0.0	0.0	0.0	0.0	0.0	0.0	0.0	0.0	0.0	0.0	0.0	0.0	0.0	0.0	0.672	0.0	0.0	0.0	0.0	0.0	0.0	0.0	0.0	0.0	0.0	0.0	0.0	0.0	0.0	0.572	0.1486	0.0	0.0	0.0	0.0	0.0	0.0	0.0	0.0	0.0	0.0	0.0	0.0	0.0	0.0	0.7226	0.0	0.4366	0.0	0.0	0.3488	0.0	0.0	0.0	0.0	0.0	0.0	0.0	0.0	0.0	0.0	0.0	
0.0	0.0	0.0	0.0	0.0	0.0	0.0	0.0	0.0	0.0	0.0	0.0	0.0	0.338	0.2896	0.0	0.0	0.3468	0.0	0.0	0.0	0.1734	0.126	0.175	0.0	0.0	0.0	0.0	0.0	0.0	0.0	0.0	0.0	0.0	0.0	0.0	0.0	0.0	0.793	0.0	0.0	0.0	0.0	0.0	0.0	0.0	0.0	0.0	0.0	0.0	0.0	0.0	0.0	0.734	0.7048	0.0	0.0	0.0	0.0	0.0	0.0	0.0	0.0	0.0	0.0	0.0	0.0	0.0	0.0	0.4416	0.0	0.5416	0.0	0.0	0.5514	0.0	0.0	0.0	0.0	0.0	0.0	0.0	0.0	0.0	0.0	0.0	
0.0	0.0	0.0	0.0	0.0	0.0	0.0	0.0	0.0	0.0	0.0	0.0	0.0	0.5444	0.5716	0.0	0.0	0.5342	0.0	0.0	0.0	0.5196	0.221	0.712	0.0	0.0	0.0	0.0	0.0	0.0	0.0	0.0	0.0	0.0	0.0	0.0	0.0	0.0	0.6876	0.0	0.0	0.0	0.0	0.0	0.0	0.0	0.0	0.0	0.0	0.0	0.0	0.0	0.0	0.3626	0.1652	0.0	0.0	0.0	0.0	0.0	0.0	0.0	0.0	0.0	0.0	0.0	0.0	0.0	0.0	0.2666	0.0	0.3448	0.0	0.0	0.286	0.0	0.0	0.0	0.0	0.0	0.0	0.0	0.0	0.0	0.0	0.0	
0.0	0.0	0.0	0.0	0.0	0.0	0.0	0.0	0.0	0.0	0.0	0.0	0.0	0.3158	0.3694	0.0	0.0	0.1034	0.0	0.0	0.0	0.3436	0.345	0.4988	0.0	0.0	0.0	0.0	0.0	0.0	0.0	0.0	0.0	0.0	0.0	0.0	0.0	0.0	0.576	0.0	0.0	0.0	0.0	0.0	0.0	0.0	0.0	0.0	0.0	0.0	0.0	0.0	0.0	0.5642	0.3952	0.0	0.0	0.0	0.0	0.0	0.0	0.0	0.0	0.0	0.0	0.0	0.0	0.0	0.0	0.8106	0.0	0.6026	0.0	0.0	0.5216	0.0	0.0	0.0	0.0	0.0	0.0	0.0	0.0	0.0	0.0	0.0	
0.0	0.0	0.0	0.0	0.0	0.0	0.0	0.0	0.0	0.0	0.0	0.0	0.0	0.7874	0.9556	0.0	0.0	0.1672	0.0	0.0	0.0	0.079	0.6244	0.7608	0.0	0.0	0.0	0.0	0.0	0.0	0.0	0.0	0.0	0.0	0.0	0.0	0.0	0.0	0.2556	0.0	0.0	0.0	0.0	0.0	0.0	0.0	0.0	0.0	0.0	0.0	0.0	0.0	0.0	0.8642	0.1168	0.0	0.0	0.0	0.0	0.0	0.0	0.0	0.0	0.0	0.0	0.0	0.0	0.0	0.0	0.6696	0.0	0.1282	0.0	0.0	0.011	0.0	0.0	0.0	0.0	0.0	0.0	0.0	0.0	0.0	0.0	0.0	
0.0	0.0	0.0	0.0	0.0	0.0	0.0	0.0	0.0	0.0	0.0	0.0	0.0	0.845	0.5696	0.0	0.0	0.2384	0.0	0.0	0.0	0.3016	0.7218	0.2798	0.0	0.0	0.0	0.0	0.0	0.0	0.0	0.0	0.0	0.0	0.0	0.0	0.0	0.0	0.1808	0.0	0.0	0.0	0.0	0.0	0.0	0.0	0.0	0.0	0.0	0.0	0.0	0.0	0.0	0.5742	0.5846	0.0	0.0	0.0	0.0	0.0	0.0	0.0	0.0	0.0	0.0	0.0	0.0	0.0	0.0	0.5698	0.0	0.0932	0.0	0.0	0.2726	0.0	0.0	0.0	0.0	0.0	0.0	0.0	0.0	0.0	0.0	0.0	
0.0	0.0	0.0	0.0	0.0	0.0	0.0	0.0	0.0	0.0	0.0	0.0	0.0	0.5178	0.94	0.0	0.0	0.214	0.0	0.0	0.0	0.1938	0.0574	0.7584	0.0	0.0	0.0	0.0	0.0	0.0	0.0	0.0	0.0	0.0	0.0	0.0	0.0	0.0	0.9076	0.0	0.0	0.0	0.0	0.0	0.0	0.0	0.0	0.0	0.0	0.0	0.0	0.0	0.0	0.7236	0.1356	0.0	0.0	0.0	0.0	0.0	0.0	0.0	0.0	0.0	0.0	0.0	0.0	0.0	0.0	0.6372	0.0	0.373	0.0	0.0	0.0242	0.0	0.0	0.0	0.0	0.0	0.0	0.0	0.0	0.0	0.0	0.0	
0.0	0.0	0.0	0.0	0.0	0.0	0.0	0.0	0.0	0.0	0.0	0.0	0.0	0.3	0.345	0.0	0.0	0.4026	0.0	0.0	0.0	0.6782	0.3542	0.712	0.0	0.0	0.0	0.0	0.0	0.0	0.0	0.0	0.0	0.0	0.0	0.0	0.0	0.0	0.5112	0.0	0.0	0.0	0.0	0.0	0.0	0.0	0.0	0.0	0.0	0.0	0.0	0.0	0.0	0.1864	0.1298	0.0	0.0	0.0	0.0	0.0	0.0	0.0	0.0	0.0	0.0	0.0	0.0	0.0	0.0	0.329	0.0	0.5678	0.0	0.0	0.4698	0.0	0.0	0.0	0.0	0.0	0.0	0.0	0.0	0.0	0.0	0.0	
0.0	0.0	0.0	0.0	0.0	0.0	0.0	0.0	0.0	0.0	0.0	0.0	0.0	0.8046	0.4684	0.0	0.0	0.3728	0.0	0.0	0.0	0.457	0.7322	0.245	0.0	0.0	0.0	0.0	0.0	0.0	0.0	0.0	0.0	0.0	0.0	0.0	0.0	0.0	0.1894	0.0	0.0	0.0	0.0	0.0	0.0	0.0	0.0	0.0	0.0	0.0	0.0	0.0	0.0	0.4412	0.6468	0.0	0.0	0.0	0.0	0.0	0.0	0.0	0.0	0.0	0.0	0.0	0.0	0.0	0.0	0.442	0.0	0.1272	0.0	0.0	0.3974	0.0	0.0	0.0	0.0	0.0	0.0	0.0	0.0	0.0	0.0	0.0	
0.0	0.0	0.0	0.0	0.0	0.0	0.0	0.0	0.0	0.0	0.0	0.0	0.0	0.5676	0.2574	0.0	0.0	0.3918	0.0	0.0	0.0	0.7826	0.7584	0.2604	0.0	0.0	0.0	0.0	0.0	0.0	0.0	0.0	0.0	0.0	0.0	0.0	0.0	0.0	0.17	0.0	0.0	0.0	0.0	0.0	0.0	0.0	0.0	0.0	0.0	0.0	0.0	0.0	0.0	0.1494	0.6268	0.0	0.0	0.0	0.0	0.0	0.0	0.0	0.0	0.0	0.0	0.0	0.0	0.0	0.0	0.437	0.0	0.3404	0.0	0.0	0.626	0.0	0.0	0.0	0.0	0.0	0.0	0.0	0.0	0.0	0.0	0.0	
0.0	0.0	0.0	0.0	0.0	0.0	0.0	0.0	0.0	0.0	0.0	0.0	0.0	0.2752	0.7346	0.0	0.0	0.0618	0.0	0.0	0.0	0.1212	0.0988	0.748	0.0	0.0	0.0	0.0	0.0	0.0	0.0	0.0	0.0	0.0	0.0	0.0	0.0	0.0	0.8458	0.0	0.0	0.0	0.0	0.0	0.0	0.0	0.0	0.0	0.0	0.0	0.0	0.0	0.0	0.8052	0.1246	0.0	0.0	0.0	0.0	0.0	0.0	0.0	0.0	0.0	0.0	0.0	0.0	0.0	0.0	0.8422	0.0	0.6112	0.0	0.0	0.1264	0.0	0.0	0.0	0.0	0.0	0.0	0.0	0.0	0.0	0.0	0.0	
0.2284	0.7426	0.7892	0.7138	0.6904	0.0582	0.071	0.103	0.5654	0.3324	0.5862	0.6892	0.7932	0.0974	0.4972	0.556	0.5266	0.4356	0.716	0.1826	0.183	0.2356	0.0	0.7704	0.3738	0.49	0.748	0.672	0.793	0.6876	0.576	0.2556	0.1808	0.9076	0.5112	0.1894	0.17	0.8458	0.0	0.1326	0.4698	0.6378	0.3698	0.3894	0.5172	0.58	0.3896	0.2456	0.2786	0.2806	0.3282	0.044	0.1388	0.826	0.0054	0.0502	0.0308	0.452	0.231	0.4348	0.1556	0.682	0.8424	0.0958	0.009	0.0	0.042	0.0724	0.7846	0.544	0.9248	0.9462	0.4778	0.2018	0.39	0.72	0.0204	0.0	0.194	0.2012	0.154	0.519	0.0	0.0	0.7242	0.0	
0.0	0.0	0.0	0.0	0.0	0.0	0.0	0.0	0.0	0.0	0.0	0.0	0.0	0.9658	0.8198	0.0	0.0	0.3392	0.0	0.0	0.0	0.5474	0.7598	0.0594	0.0	0.0	0.0	0.0	0.0	0.0	0.0	0.0	0.0	0.0	0.0	0.0	0.0	0.0	0.1326	0.0	0.0	0.0	0.0	0.0	0.0	0.0	0.0	0.0	0.0	0.0	0.0	0.0	0.0	0.2948	0.864	0.0	0.0	0.0	0.0	0.0	0.0	0.0	0.0	0.0	0.0	0.0	0.0	0.0	0.0	0.391	0.0	0.0094	0.0	0.0	0.0612	0.0	0.0	0.0	0.0	0.0	0.0	0.0	0.0	0.0	0.0	0.0	
0.0	0.0	0.0	0.0	0.0	0.0	0.0	0.0	0.0	0.0	0.0	0.0	0.0	0.4936	0.5628	0.0	0.0	0.3088	0.0	0.0	0.0	0.4296	0.2114	0.1736	0.0	0.0	0.0	0.0	0.0	0.0	0.0	0.0	0.0	0.0	0.0	0.0	0.0	0.0	0.4698	0.0	0.0	0.0	0.0	0.0	0.0	0.0	0.0	0.0	0.0	0.0	0.0	0.0	0.0	0.2128	0.4444	0.0	0.0	0.0	0.0	0.0	0.0	0.0	0.0	0.0	0.0	0.0	0.0	0.0	0.0	0.0	0.0	0.1568	0.0	0.0	0.0	0.0	0.0	0.0	0.0	0.0	0.0	0.0	0.0	0.0	0.0	0.0	
0.0	0.0	0.0	0.0	0.0	0.0	0.0	0.0	0.0	0.0	0.0	0.0	0.0	0.0738	0.208	0.0	0.0	0.198	0.0	0.0	0.0	0.9362	0.2568	0.7954	0.0	0.0	0.0	0.0	0.0	0.0	0.0	0.0	0.0	0.0	0.0	0.0	0.0	0.0	0.6378	0.0	0.0	0.0	0.0	0.0	0.0	0.0	0.0	0.0	0.0	0.0	0.0	0.0	0.0	0.029	0.0936	0.0	0.0	0.0	0.0	0.0	0.0	0.0	0.0	0.0	0.0	0.0	0.0	0.0	0.0	0.6178	0.0	0.875	0.0	0.0	0.6708	0.0	0.0	0.0	0.0	0.0	0.0	0.0	0.0	0.0	0.0	0.0	
0.0	0.0	0.0	0.0	0.0	0.0	0.0	0.0	0.0	0.0	0.0	0.0	0.0	0.5504	0.5586	0.0	0.0	0.1782	0.0	0.0	0.0	0.3096	0.5222	0.179	0.0	0.0	0.0	0.0	0.0	0.0	0.0	0.0	0.0	0.0	0.0	0.0	0.0	0.0	0.3698	0.0	0.0	0.0	0.0	0.0	0.0	0.0	0.0	0.0	0.0	0.0	0.0	0.0	0.0	0.5784	0.7038	0.0	0.0	0.0	0.0	0.0	0.0	0.0	0.0	0.0	0.0	0.0	0.0	0.0	0.0	0.6606	0.0	0.3464	0.0	0.0	0.297	0.0	0.0	0.0	0.0	0.0	0.0	0.0	0.0	0.0	0.0	0.0	
0.0	0.0	0.0	0.0	0.0	0.0	0.0	0.0	0.0	0.0	0.0	0.0	0.0	0.2302	0.2238	0.0	0.0	0.467	0.0	0.0	0.0	0.3962	0.4382	0.2204	0.0	0.0	0.0	0.0	0.0	0.0	0.0	0.0	0.0	0.0	0.0	0.0	0.0	0.0	0.3894	0.0	0.0	0.0	0.0	0.0	0.0	0.0	0.0	0.0	0.0	0.0	0.0	0.0	0.0	0.4112	0.586	0.0	0.0	0.0	0.0	0.0	0.0	0.0	0.0	0.0	0.0	0.0	0.0	0.0	0.0	0.2	0.0	0.6282	0.0	0.0	0.5864	0.0	0.0	0.0	0.0	0.0	0.0	0.0	0.0	0.0	0.0	0.0	
0.0	0.0	0.0	0.0	0.0	0.0	0.0	0.0	0.0	0.0	0.0	0.0	0.0	0.2006	0.0878	0.0	0.0	0.4192	0.0	0.0	0.0	0.9098	0.2244	0.7036	0.0	0.0	0.0	0.0	0.0	0.0	0.0	0.0	0.0	0.0	0.0	0.0	0.0	0.0	0.5172	0.0	0.0	0.0	0.0	0.0	0.0	0.0	0.0	0.0	0.0	0.0	0.0	0.0	0.0	0.0	0.0	0.0	0.0	0.0	0.0	0.0	0.0	0.0	0.0	0.0	0.0	0.0	0.0	0.0	0.0	0.0	0.0	0.5634	0.0	0.0	0.6874	0.0	0.0	0.0	0.0	0.0	0.0	0.0	0.0	0.0	0.0	0.0	
0.0	0.0	0.0	0.0	0.0	0.0	0.0	0.0	0.0	0.0	0.0	0.0	0.0	0.362	0.851	0.0	0.0	0.1646	0.0	0.0	0.0	0.1974	0.2868	0.2962	0.0	0.0	0.0	0.0	0.0	0.0	0.0	0.0	0.0	0.0	0.0	0.0	0.0	0.0	0.58	0.0	0.0	0.0	0.0	0.0	0.0	0.0	0.0	0.0	0.0	0.0	0.0	0.0	0.0	0.687	0.5154	0.0	0.0	0.0	0.0	0.0	0.0	0.0	0.0	0.0	0.0	0.0	0.0	0.0	0.0	0.6312	0.0	0.5036	0.0	0.0	0.0486	0.0	0.0	0.0	0.0	0.0	0.0	0.0	0.0	0.0	0.0	0.0	
0.0	0.0	0.0	0.0	0.0	0.0	0.0	0.0	0.0	0.0	0.0	0.0	0.0	0.1342	0.2686	0.0	0.0	0.1132	0.0	0.0	0.0	0.4224	0.4908	0.275	0.0	0.0	0.0	0.0	0.0	0.0	0.0	0.0	0.0	0.0	0.0	0.0	0.0	0.0	0.3896	0.0	0.0	0.0	0.0	0.0	0.0	0.0	0.0	0.0	0.0	0.0	0.0	0.0	0.0	0.446	0.5874	0.0	0.0	0.0	0.0	0.0	0.0	0.0	0.0	0.0	0.0	0.0	0.0	0.0	0.0	0.7528	0.0	0.7952	0.0	0.0	0.588	0.0	0.0	0.0	0.0	0.0	0.0	0.0	0.0	0.0	0.0	0.0	
0.0	0.0	0.0	0.0	0.0	0.0	0.0	0.0	0.0	0.0	0.0	0.0	0.0	0.654	0.4736	0.0	0.0	0.3788	0.0	0.0	0.0	0.426	0.6852	0.6076	0.0	0.0	0.0	0.0	0.0	0.0	0.0	0.0	0.0	0.0	0.0	0.0	0.0	0.0	0.2456	0.0	0.0	0.0	0.0	0.0	0.0	0.0	0.0	0.0	0.0	0.0	0.0	0.0	0.0	0.4866	0.2828	0.0	0.0	0.0	0.0	0.0	0.0	0.0	0.0	0.0	0.0	0.0	0.0	0.0	0.0	0.4646	0.0	0.2706	0.0	0.0	0.4116	0.0	0.0	0.0	0.0	0.0	0.0	0.0	0.0	0.0	0.0	0.0	
0.0	0.0	0.0	0.0	0.0	0.0	0.0	0.0	0.0	0.0	0.0	0.0	0.0	0.8416	0.849	0.0	0.0	0.8536	0.0	0.0	0.0	0.2036	0.606	0.1624	0.0	0.0	0.0	0.0	0.0	0.0	0.0	0.0	0.0	0.0	0.0	0.0	0.0	0.0	0.2786	0.0	0.0	0.0	0.0	0.0	0.0	0.0	0.0	0.0	0.0	0.0	0.0	0.0	0.0	0.7008	0.7236	0.0	0.0	0.0	0.0	0.0	0.0	0.0	0.0	0.0	0.0	0.0	0.0	0.0	0.0	0.0344	0.0	0.0962	0.0	0.0	0.0664	0.0	0.0	0.0	0.0	0.0	0.0	0.0	0.0	0.0	0.0	0.0	
0.0	0.0	0.0	0.0	0.0	0.0	0.0	0.0	0.0	0.0	0.0	0.0	0.0	0.29	0.3216	0.0	0.0	0.594	0.0	0.0	0.0	0.4356	0.6006	0.1118	0.0	0.0	0.0	0.0	0.0	0.0	0.0	0.0	0.0	0.0	0.0	0.0	0.0	0.0	0.2806	0.0	0.0	0.0	0.0	0.0	0.0	0.0	0.0	0.0	0.0	0.0	0.0	0.0	0.0	0.4366	0.8002	0.0	0.0	0.0	0.0	0.0	0.0	0.0	0.0	0.0	0.0	0.0	0.0	0.0	0.0	0.187	0.0	0.5974	0.0	0.0	0.5238	0.0	0.0	0.0	0.0	0.0	0.0	0.0	0.0	0.0	0.0	0.0	
0.0	0.0	0.0	0.0	0.0	0.0	0.0	0.0	0.0	0.0	0.0	0.0	0.0	0.3824	0.3746	0.0	0.0	0.3162	0.0	0.0	0.0	0.2796	0.5816	0.1788	0.0	0.0	0.0	0.0	0.0	0.0	0.0	0.0	0.0	0.0	0.0	0.0	0.0	0.0	0.3282	0.0	0.0	0.0	0.0	0.0	0.0	0.0	0.0	0.0	0.0	0.0	0.0	0.0	0.0	0.6266	0.736	0.0	0.0	0.0	0.0	0.0	0.0	0.0	0.0	0.0	0.0	0.0	0.0	0.0	0.0	0.535	0.0	0.525	0.0	0.0	0.5064	0.0	0.0	0.0	0.0	0.0	0.0	0.0	0.0	0.0	0.0	0.0	
0.0	0.0	0.0	0.0	0.0	0.0	0.0	0.0	0.0	0.0	0.0	0.0	0.0	0.5514	0.6486	0.0	0.0	0.2014	0.0	0.0	0.0	0.1268	0.8856	0.232	0.0	0.0	0.0	0.0	0.0	0.0	0.0	0.0	0.0	0.0	0.0	0.0	0.0	0.0	0.044	0.0	0.0	0.0	0.0	0.0	0.0	0.0	0.0	0.0	0.0	0.0	0.0	0.0	0.0	0.7574	0.5762	0.0	0.0	0.0	0.0	0.0	0.0	0.0	0.0	0.0	0.0	0.0	0.0	0.0	0.0	0.5328	0.0	0.2806	0.0	0.0	0.1394	0.0	0.0	0.0	0.0	0.0	0.0	0.0	0.0	0.0	0.0	0.0	
0.0	0.0	0.0	0.0	0.0	0.0	0.0	0.0	0.0	0.0	0.0	0.0	0.0	0.8356	0.7708	0.0	0.0	0.4926	0.0	0.0	0.0	0.2296	0.6356	0.1534	0.0	0.0	0.0	0.0	0.0	0.0	0.0	0.0	0.0	0.0	0.0	0.0	0.0	0.0	0.1388	0.0	0.0	0.0	0.0	0.0	0.0	0.0	0.0	0.0	0.0	0.0	0.0	0.0	0.0	0.507	0.5918	0.0	0.0	0.0	0.0	0.0	0.0	0.0	0.0	0.0	0.0	0.0	0.0	0.0	0.0	0.0	0.0	0.0326	0.0	0.0	0.0	0.0	0.0	0.0	0.0	0.0	0.0	0.0	0.0	0.0	0.0	0.0	
0.2704	0.3494	0.4568	0.3082	0.6358	0.1368	0.3768	0.4302	0.606	0.7078	0.1472	0.3504	0.8064	0.734	0.6556	0.4092	0.4564	0.1064	0.6058	0.2188	0.4038	0.0	0.2032	0.6528	0.5388	0.184	0.445	0.572	0.734	0.3626	0.5642	0.8642	0.5742	0.7236	0.1864	0.4412	0.1494	0.8052	0.826	0.2948	0.2128	0.029	0.5784	0.4112	0.0	0.687	0.446	0.4866	0.7008	0.4366	0.6266	0.7574	0.507	0.0	0.0626	0.7776	0.5194	0.4252	0.4508	0.7976	0.1274	0.2114	0.611	0.1612	0.0284	0.2032	0.2922	0.7218	0.4506	0.9982	0.866	0.0914	0.3528	0.2736	0.0666	0.0	0.1996	0.5888	0.35	0.0	0.479	0.5896	0.0	0.0	0.7684	0.0	
0.9702	0.212	0.0128	0.3798	0.5402	0.1552	0.6002	0.4802	0.6034	0.1214	0.0402	0.0	0.2528	0.1588	0.203	0.5126	0.3934	0.5694	0.7842	0.6804	0.233	0.7068	0.8544	0.0	0.2268	0.2812	0.4212	0.1486	0.7048	0.1652	0.3952	0.1168	0.5846	0.1356	0.1298	0.6468	0.6268	0.1246	0.0054	0.864	0.4444	0.0936	0.7038	0.586	0.0	0.5154	0.5874	0.2828	0.7236	0.8002	0.736	0.5762	0.5918	0.0626	0.0	0.5766	0.5288	0.457	0.3682	0.455	0.255	0.9536	0.0	0.7786	0.1542	0.8254	0.2564	0.345	0.1908	0.0	0.3018	0.8616	0.3766	0.0	0.909	0.0	0.9486	0.6352	0.4306	0.5216	0.5252	0.0	0.0	0.0	0.0	0.0	
0.0	0.0	0.0	0.0	0.0	0.0	0.0	0.0	0.0	0.0	0.0	0.0	0.0	0.9288	0.757	0.0	0.0	0.5658	0.0	0.0	0.0	0.1416	0.908	0.2758	0.0	0.0	0.0	0.0	0.0	0.0	0.0	0.0	0.0	0.0	0.0	0.0	0.0	0.0	0.0502	0.0	0.0	0.0	0.0	0.0	0.0	0.0	0.0	0.0	0.0	0.0	0.0	0.0	0.0	0.7776	0.5766	0.0	0.0	0.0	0.0	0.0	0.0	0.0	0.0	0.0	0.0	0.0	0.0	0.0	0.0	0.2046	0.0	0.0354	0.0	0.0	0.1266	0.0	0.0	0.0	0.0	0.0	0.0	0.0	0.0	0.0	0.0	0.0	
0.0	0.0	0.0	0.0	0.0	0.0	0.0	0.0	0.0	0.0	0.0	0.0	0.0	0.7896	0.2666	0.0	0.0	0.811	0.0	0.0	0.0	0.313	0.9226	0.2688	0.0	0.0	0.0	0.0	0.0	0.0	0.0	0.0	0.0	0.0	0.0	0.0	0.0	0.0	0.0308	0.0	0.0	0.0	0.0	0.0	0.0	0.0	0.0	0.0	0.0	0.0	0.0	0.0	0.0	0.5194	0.5288	0.0	0.0	0.0	0.0	0.0	0.0	0.0	0.0	0.0	0.0	0.0	0.0	0.0	0.0	0.0	0.0	0.1006	0.0	0.0	0.5314	0.0	0.0	0.0	0.0	0.0	0.0	0.0	0.0	0.0	0.0	0.0	
0.0	0.0	0.0	0.0	0.0	0.0	0.0	0.0	0.0	0.0	0.0	0.0	0.0	0.3294	0.3632	0.0	0.0	0.194	0.0	0.0	0.0	0.4282	0.4054	0.3636	0.0	0.0	0.0	0.0	0.0	0.0	0.0	0.0	0.0	0.0	0.0	0.0	0.0	0.0	0.452	0.0	0.0	0.0	0.0	0.0	0.0	0.0	0.0	0.0	0.0	0.0	0.0	0.0	0.0	0.4252	0.457	0.0	0.0	0.0	0.0	0.0	0.0	0.0	0.0	0.0	0.0	0.0	0.0	0.0	0.0	0.588	0.0	0.5398	0.0	0.0	0.4424	0.0	0.0	0.0	0.0	0.0	0.0	0.0	0.0	0.0	0.0	0.0	
0.0	0.0	0.0	0.0	0.0	0.0	0.0	0.0	0.0	0.0	0.0	0.0	0.0	0.1612	0.6314	0.0	0.0	0.5976	0.0	0.0	0.0	0.3886	0.6256	0.4242	0.0	0.0	0.0	0.0	0.0	0.0	0.0	0.0	0.0	0.0	0.0	0.0	0.0	0.0	0.231	0.0	0.0	0.0	0.0	0.0	0.0	0.0	0.0	0.0	0.0	0.0	0.0	0.0	0.0	0.4508	0.3682	0.0	0.0	0.0	0.0	0.0	0.0	0.0	0.0	0.0	0.0	0.0	0.0	0.0	0.0	0.129	0.0	0.7318	0.0	0.0	0.1806	0.0	0.0	0.0	0.0	0.0	0.0	0.0	0.0	0.0	0.0	0.0	
0.0	0.0	0.0	0.0	0.0	0.0	0.0	0.0	0.0	0.0	0.0	0.0	0.0	0.9202	0.8574	0.0	0.0	0.2064	0.0	0.0	0.0	0.0794	0.3452	0.255	0.0	0.0	0.0	0.0	0.0	0.0	0.0	0.0	0.0	0.0	0.0	0.0	0.0	0.0	0.4348	0.0	0.0	0.0	0.0	0.0	0.0	0.0	0.0	0.0	0.0	0.0	0.0	0.0	0.0	0.7976	0.455	0.0	0.0	0.0	0.0	0.0	0.0	0.0	0.0	0.0	0.0	0.0	0.0	0.0	0.0	0.4188	0.0	0.012	0.0	0.0	0.0	0.0	0.0	0.0	0.0	0.0	0.0	0.0	0.0	0.0	0.0	0.0	
0.0	0.0	0.0	0.0	0.0	0.0	0.0	0.0	0.0	0.0	0.0	0.0	0.0	0.6542	0.7384	0.0	0.0	0.1232	0.0	0.0	0.0	0.708	0.687	0.4806	0.0	0.0	0.0	0.0	0.0	0.0	0.0	0.0	0.0	0.0	0.0	0.0	0.0	0.0	0.1556	0.0	0.0	0.0	0.0	0.0	0.0	0.0	0.0	0.0	0.0	0.0	0.0	0.0	0.0	0.1274	0.255	0.0	0.0	0.0	0.0	0.0	0.0	0.0	0.0	0.0	0.0	0.0	0.0	0.0	0.0	0.654	0.0	0.1824	0.0	0.0	0.0664	0.0	0.0	0.0	0.0	0.0	0.0	0.0	0.0	0.0	0.0	0.0	
0.0	0.0	0.0	0.0	0.0	0.0	0.0	0.0	0.0	0.0	0.0	0.0	0.0	0.0548	0.0474	0.0	0.0	0.27	0.0	0.0	0.0	0.5796	0.1578	0.0118	0.0	0.0	0.0	0.0	0.0	0.0	0.0	0.0	0.0	0.0	0.0	0.0	0.0	0.0	0.682	0.0	0.0	0.0	0.0	0.0	0.0	0.0	0.0	0.0	0.0	0.0	0.0	0.0	0.0	0.2114	0.9536	0.0	0.0	0.0	0.0	0.0	0.0	0.0	0.0	0.0	0.0	0.0	0.0	0.0	0.0	0.351	0.0	0.8632	0.0	0.0	0.8442	0.0	0.0	0.0	0.0	0.0	0.0	0.0	0.0	0.0	0.0	0.0	
0.0	0.0	0.0	0.0	0.0	0.0	0.0	0.0	0.0	0.0	0.0	0.0	0.0	0.0094	0.2176	0.0	0.0	0.4578	0.0	0.0	0.0	0.2384	0.0768	0.9696	0.0	0.0	0.0	0.0	0.0	0.0	0.0	0.0	0.0	0.0	0.0	0.0	0.0	0.0	0.8424	0.0	0.0	0.0	0.0	0.0	0.0	0.0	0.0	0.0	0.0	0.0	0.0	0.0	0.0	0.611	0.0	0.0	0.0	0.0	0.0	0.0	0.0	0.0	0.0	0.0	0.0	0.0	0.0	0.0	0.0	0.2098	0.0	0.9766	0.0	0.0	0.5932	0.0	0.0	0.0	0.0	0.0	0.0	0.0	0.0	0.0	0.0	0.0	
0.0	0.0	0.0	0.0	0.0	0.0	0.0	0.0	0.0	0.0	0.0	0.0	0.0	0.588	0.6002	0.0	0.0	0.3648	0.0	0.0	0.0	0.512	0.625	0.0452	0.0	0.0	0.0	0.0	0.0	0.0	0.0	0.0	0.0	0.0	0.0	0.0	0.0	0.0	0.0958	0.0	0.0	0.0	0.0	0.0	0.0	0.0	0.0	0.0	0.0	0.0	0.0	0.0	0.0	0.1612	0.7786	0.0	0.0	0.0	0.0	0.0	0.0	0.0	0.0	0.0	0.0	0.0	0.0	0.0	0.0	0.0	0.0	0.1124	0.0	0.0	0.0	0.0	0.0	0.0	0.0	0.0	0.0	0.0	0.0	0.0	0.0	0.0	
0.0	0.0	0.0	0.0	0.0	0.0	0.0	0.0	0.0	0.0	0.0	0.0	0.0	0.986	0.8526	0.0	0.0	0.5734	0.0	0.0	0.0	0.8692	0.9292	0.5498	0.0	0.0	0.0	0.0	0.0	0.0	0.0	0.0	0.0	0.0	0.0	0.0	0.0	0.0	0.009	0.0	0.0	0.0	0.0	0.0	0.0	0.0	0.0	0.0	0.0	0.0	0.0	0.0	0.0	0.0284	0.1542	0.0	0.0	0.0	0.0	0.0	0.0	0.0	0.0	0.0	0.0	0.0	0.0	0.0	0.0	0.0	0.0	0.0	0.0	0.0	0.0	0.0	0.0	0.0	0.0	0.0	0.0	0.0	0.0	0.0	0.0	0.0	
0.0	0.0	0.0	0.0	0.0	0.0	0.0	0.0	0.0	0.0	0.0	0.0	0.0	0.4998	0.1648	0.0	0.0	0.3056	0.0	0.0	0.0	0.4184	0.8566	0.0312	0.0	0.0	0.0	0.0	0.0	0.0	0.0	0.0	0.0	0.0	0.0	0.0	0.0	0.0	0.0	0.0	0.0	0.0	0.0	0.0	0.0	0.0	0.0	0.0	0.0	0.0	0.0	0.0	0.0	0.2032	0.8254	0.0	0.0	0.0	0.0	0.0	0.0	0.0	0.0	0.0	0.0	0.0	0.0	0.0	0.0	0.0	0.0	0.166	0.0	0.0	0.4404	0.0	0.0	0.0	0.0	0.0	0.0	0.0	0.0	0.0	0.0	0.0	
0.0	0.0	0.0	0.0	0.0	0.0	0.0	0.0	0.0	0.0	0.0	0.0	0.0	0.951	0.7384	0.0	0.0	0.115	0.0	0.0	0.0	0.4146	0.8124	0.3672	0.0	0.0	0.0	0.0	0.0	0.0	0.0	0.0	0.0	0.0	0.0	0.0	0.0	0.0	0.042	0.0	0.0	0.0	0.0	0.0	0.0	0.0	0.0	0.0	0.0	0.0	0.0	0.0	0.0	0.2922	0.2564	0.0	0.0	0.0	0.0	0.0	0.0	0.0	0.0	0.0	0.0	0.0	0.0	0.0	0.0	0.5386	0.0	0.0	0.0	0.0	0.0	0.0	0.0	0.0	0.0	0.0	0.0	0.0	0.0	0.0	0.0	0.0	
0.0	0.0	0.0	0.0	0.0	0.0	0.0	0.0	0.0	0.0	0.0	0.0	0.0	0.6778	0.2552	0.0	0.0	0.086	0.0	0.0	0.0	0.0912	0.7004	0.2776	0.0	0.0	0.0	0.0	0.0	0.0	0.0	0.0	0.0	0.0	0.0	0.0	0.0	0.0	0.0724	0.0	0.0	0.0	0.0	0.0	0.0	0.0	0.0	0.0	0.0	0.0	0.0	0.0	0.0	0.7218	0.345	0.0	0.0	0.0	0.0	0.0	0.0	0.0	0.0	0.0	0.0	0.0	0.0	0.0	0.0	0.5978	0.0	0.0816	0.0	0.0	0.348	0.0	0.0	0.0	0.0	0.0	0.0	0.0	0.0	0.0	0.0	0.0	
0.0	0.0	0.0	0.0	0.0	0.0	0.0	0.0	0.0	0.0	0.0	0.0	0.0	0.192	0.8066	0.0	0.0	0.032	0.0	0.0	0.0	0.2886	0.0782	0.4574	0.0	0.0	0.0	0.0	0.0	0.0	0.0	0.0	0.0	0.0	0.0	0.0	0.0	0.0	0.7846	0.0	0.0	0.0	0.0	0.0	0.0	0.0	0.0	0.0	0.0	0.0	0.0	0.0	0.0	0.4506	0.1908	0.0	0.0	0.0	0.0	0.0	0.0	0.0	0.0	0.0	0.0	0.0	0.0	0.0	0.0	0.8558	0.0	0.5934	0.0	0.0	0.0	0.0	0.0	0.0	0.0	0.0	0.0	0.0	0.0	0.0	0.0	0.0	
0.0	0.4126	0.4768	0.3826	0.5692	0.0	0.4796	0.2852	0.5226	0.7312	0.4226	0.0	0.4316	0.3446	0.4704	0.6202	0.196	0.0	0.5306	0.1302	0.914	0.001	0.3624	0.611	0.4412	0.6306	0.4898	0.7226	0.4416	0.2666	0.8106	0.6696	0.5698	0.6372	0.329	0.442	0.437	0.8422	0.544	0.391	0.0	0.6178	0.6606	0.2	0.0	0.6312	0.7528	0.4646	0.0344	0.187	0.535	0.5328	0.0	0.9982	0.0	0.2046	0.0	0.588	0.129	0.4188	0.654	0.351	0.2098	0.0	0.0	0.0	0.5386	0.5978	0.8558	0.0	0.5736	0.5744	0.6166	0.0	0.324	0.0	0.0	0.0	0.238	0.0	0.2922	0.0	0.0	0.0	0.0	0.0	
0.0	0.0	0.0	0.0	0.0	0.0	0.0	0.0	0.0	0.0	0.0	0.0	0.0	0.0632	0.3298	0.0	0.0	0.1058	0.0	0.0	0.0	0.0352	0.0184	0.3216	0.0	0.0	0.0	0.0	0.0	0.0	0.0	0.0	0.0	0.0	0.0	0.0	0.0	0.0	0.9248	0.0	0.0	0.0	0.0	0.0	0.0	0.0	0.0	0.0	0.0	0.0	0.0	0.0	0.0	0.866	0.3018	0.0	0.0	0.0	0.0	0.0	0.0	0.0	0.0	0.0	0.0	0.0	0.0	0.0	0.0	0.5736	0.0	0.8068	0.0	0.0	0.2966	0.0	0.0	0.0	0.0	0.0	0.0	0.0	0.0	0.0	0.0	0.0	
0.7348	0.7274	0.5168	0.5342	0.7326	0.1762	0.604	0.091	0.2326	0.5232	0.7614	0.0	0.5898	0.0	0.0022	0.3446	0.2684	0.4254	0.8748	0.3564	0.359	0.7212	0.0914	0.2558	0.4472	0.3926	0.6604	0.4366	0.5416	0.3448	0.6026	0.1282	0.0932	0.373	0.5678	0.1272	0.3404	0.6112	0.9462	0.0094	0.1568	0.875	0.3464	0.6282	0.5634	0.5036	0.7952	0.2706	0.0962	0.5974	0.525	0.2806	0.0326	0.0914	0.8616	0.0354	0.1006	0.5398	0.7318	0.012	0.1824	0.8632	0.9766	0.1124	0.0	0.166	0.0	0.0816	0.5934	0.5744	0.8068	0.0	0.755	0.6082	1.0	0.7416	0.3484	0.2204	0.756	0.2086	0.7446	0.0	0.0	0.7314	0.0	0.0	
0.0	0.0	0.0	0.0	0.0	0.0	0.0	0.0	0.0	0.0	0.0	0.0	0.0	0.1822	0.1818	0.0	0.0	0.2432	0.0	0.0	0.0	0.5568	0.432	0.4962	0.0	0.0	0.0	0.0	0.0	0.0	0.0	0.0	0.0	0.0	0.0	0.0	0.0	0.0	0.4778	0.0	0.0	0.0	0.0	0.0	0.0	0.0	0.0	0.0	0.0	0.0	0.0	0.0	0.0	0.3528	0.3766	0.0	0.0	0.0	0.0	0.0	0.0	0.0	0.0	0.0	0.0	0.0	0.0	0.0	0.0	0.6166	0.0	0.755	0.0	0.0	0.734	0.0	0.0	0.0	0.0	0.0	0.0	0.0	0.0	0.0	0.0	0.0	
0.0	0.0	0.0	0.0	0.0	0.0	0.0	0.0	0.0	0.0	0.0	0.0	0.0	0.1124	0.4942	0.0	0.0	0.2602	0.0	0.0	0.0	0.3254	0.401	0.4958	0.0	0.0	0.0	0.0	0.0	0.0	0.0	0.0	0.0	0.0	0.0	0.0	0.0	0.0	0.2018	0.0	0.0	0.0	0.0	0.0	0.0	0.0	0.0	0.0	0.0	0.0	0.0	0.0	0.0	0.2736	0.0	0.0	0.0	0.0	0.0	0.0	0.0	0.0	0.0	0.0	0.0	0.0	0.0	0.0	0.0	0.0	0.0	0.6082	0.0	0.0	0.0	0.0	0.0	0.0	0.0	0.0	0.0	0.0	0.0	0.0	0.0	0.0	
0.6722	0.493	0.6216	0.5958	0.6392	0.6242	0.9132	0.1002	0.1568	0.4492	0.7128	0.0	0.246	0.0	0.0	0.6358	0.3992	0.4738	0.7752	0.6924	0.1068	0.7098	0.4886	0.2092	0.2404	0.3988	0.6328	0.3488	0.5514	0.286	0.5216	0.011	0.2726	0.0242	0.4698	0.3974	0.626	0.1264	0.39	0.0612	0.0	0.6708	0.297	0.5864	0.6874	0.0486	0.588	0.4116	0.0664	0.5238	0.5064	0.1394	0.0	0.0666	0.909	0.1266	0.5314	0.4424	0.1806	0.0	0.0664	0.8442	0.5932	0.0	0.0	0.4404	0.0	0.348	0.0	0.324	0.2966	1.0	0.734	0.0	0.0	0.0	0.813	0.6364	0.84	0.0	0.8992	0.0	0.0	0.8816	0.0	0.0	
0.0	0.0	0.0	0.0	0.0	0.0	0.0	0.0	0.0	0.0	0.0	0.0	0.0	0.0	0.1284	0.0	0.0	0.051	0.0	0.0	0.0	0.2326	0.0	0.1268	0.0	0.0	0.0	0.0	0.0	0.0	0.0	0.0	0.0	0.0	0.0	0.0	0.0	0.0	0.72	0.0	0.0	0.0	0.0	0.0	0.0	0.0	0.0	0.0	0.0	0.0	0.0	0.0	0.0	0.0	0.0	0.0	0.0	0.0	0.0	0.0	0.0	0.0	0.0	0.0	0.0	0.0	0.0	0.0	0.0	0.0	0.0	0.7416	0.0	0.0	0.0	0.0	0.0	0.0	0.0	0.0	0.0	0.0	0.0	0.0	0.0	0.0	
0.0	0.0	0.0	0.0	0.0	0.0	0.0	0.0	0.0	0.0	0.0	0.0	0.0	0.401	0.0572	0.0	0.0	0.5188	0.0	0.0	0.0	0.5438	0.8898	0.0102	0.0	0.0	0.0	0.0	0.0	0.0	0.0	0.0	0.0	0.0	0.0	0.0	0.0	0.0	0.0204	0.0	0.0	0.0	0.0	0.0	0.0	0.0	0.0	0.0	0.0	0.0	0.0	0.0	0.0	0.1996	0.9486	0.0	0.0	0.0	0.0	0.0	0.0	0.0	0.0	0.0	0.0	0.0	0.0	0.0	0.0	0.0	0.0	0.3484	0.0	0.0	0.813	0.0	0.0	0.0	0.0	0.0	0.0	0.0	0.0	0.0	0.0	0.0	
0.0	0.0	0.0	0.0	0.0	0.0	0.0	0.0	0.0	0.0	0.0	0.0	0.0	0.516	0.1216	0.0	0.0	0.458	0.0	0.0	0.0	0.182	0.9626	0.1274	0.0	0.0	0.0	0.0	0.0	0.0	0.0	0.0	0.0	0.0	0.0	0.0	0.0	0.0	0.0	0.0	0.0	0.0	0.0	0.0	0.0	0.0	0.0	0.0	0.0	0.0	0.0	0.0	0.0	0.5888	0.6352	0.0	0.0	0.0	0.0	0.0	0.0	0.0	0.0	0.0	0.0	0.0	0.0	0.0	0.0	0.0	0.0	0.2204	0.0	0.0	0.6364	0.0	0.0	0.0	0.0	0.0	0.0	0.0	0.0	0.0	0.0	0.0	
0.0	0.0	0.0	0.0	0.0	0.0	0.0	0.0	0.0	0.0	0.0	0.0	0.0	0.1266	0.0584	0.0	0.0	0.4004	0.0	0.0	0.0	0.459	0.6476	0.3288	0.0	0.0	0.0	0.0	0.0	0.0	0.0	0.0	0.0	0.0	0.0	0.0	0.0	0.0	0.194	0.0	0.0	0.0	0.0	0.0	0.0	0.0	0.0	0.0	0.0	0.0	0.0	0.0	0.0	0.35	0.4306	0.0	0.0	0.0	0.0	0.0	0.0	0.0	0.0	0.0	0.0	0.0	0.0	0.0	0.0	0.238	0.0	0.756	0.0	0.0	0.84	0.0	0.0	0.0	0.0	0.0	0.0	0.0	0.0	0.0	0.0	0.0	
0.0	0.0	0.0	0.0	0.0	0.0	0.0	0.0	0.0	0.0	0.0	0.0	0.0	0.3928	0.4778	0.0	0.0	0.2642	0.0	0.0	0.0	0.7278	0.4278	0.1222	0.0	0.0	0.0	0.0	0.0	0.0	0.0	0.0	0.0	0.0	0.0	0.0	0.0	0.0	0.2012	0.0	0.0	0.0	0.0	0.0	0.0	0.0	0.0	0.0	0.0	0.0	0.0	0.0	0.0	0.0	0.5216	0.0	0.0	0.0	0.0	0.0	0.0	0.0	0.0	0.0	0.0	0.0	0.0	0.0	0.0	0.0	0.0	0.2086	0.0	0.0	0.0	0.0	0.0	0.0	0.0	0.0	0.0	0.0	0.0	0.0	0.0	0.0	
0.0	0.0	0.0	0.0	0.0	0.0	0.0	0.0	0.0	0.0	0.0	0.0	0.0	0.13	0.033	0.0	0.0	0.3338	0.0	0.0	0.0	0.3268	0.6852	0.2454	0.0	0.0	0.0	0.0	0.0	0.0	0.0	0.0	0.0	0.0	0.0	0.0	0.0	0.0	0.154	0.0	0.0	0.0	0.0	0.0	0.0	0.0	0.0	0.0	0.0	0.0	0.0	0.0	0.0	0.479	0.5252	0.0	0.0	0.0	0.0	0.0	0.0	0.0	0.0	0.0	0.0	0.0	0.0	0.0	0.0	0.2922	0.0	0.7446	0.0	0.0	0.8992	0.0	0.0	0.0	0.0	0.0	0.0	0.0	0.0	0.0	0.0	0.0	
0.0	0.0	0.0	0.0	0.0	0.0	0.0	0.0	0.0	0.0	0.0	0.0	0.0	0.4426	0.238	0.0	0.0	0.1112	0.0	0.0	0.0	0.0548	0.0774	0.2358	0.0	0.0	0.0	0.0	0.0	0.0	0.0	0.0	0.0	0.0	0.0	0.0	0.0	0.0	0.519	0.0	0.0	0.0	0.0	0.0	0.0	0.0	0.0	0.0	0.0	0.0	0.0	0.0	0.0	0.5896	0.0	0.0	0.0	0.0	0.0	0.0	0.0	0.0	0.0	0.0	0.0	0.0	0.0	0.0	0.0	0.0	0.0	0.0	0.0	0.0	0.0	0.0	0.0	0.0	0.0	0.0	0.0	0.0	0.0	0.0	0.0	0.0	
0.0	0.0	0.0	0.0	0.0	0.0	0.0	0.0	0.0	0.0	0.0	0.0	0.0	0.4528	0.2318	0.0	0.0	0.1142	0.0	0.0	0.0	0.4034	0.483	0.2282	0.0	0.0	0.0	0.0	0.0	0.0	0.0	0.0	0.0	0.0	0.0	0.0	0.0	0.0	0.0	0.0	0.0	0.0	0.0	0.0	0.0	0.0	0.0	0.0	0.0	0.0	0.0	0.0	0.0	0.0	0.0	0.0	0.0	0.0	0.0	0.0	0.0	0.0	0.0	0.0	0.0	0.0	0.0	0.0	0.0	0.0	0.0	0.0	0.0	0.0	0.0	0.0	0.0	0.0	0.0	0.0	0.0	0.0	0.0	0.0	0.0	0.0	
0.0	0.0	0.0	0.0	0.0	0.0	0.0	0.0	0.0	0.0	0.0	0.0	0.0	0.0	0.0	0.0	0.0	0.0592	0.0	0.0	0.0	0.245	0.2752	0.1214	0.0	0.0	0.0	0.0	0.0	0.0	0.0	0.0	0.0	0.0	0.0	0.0	0.0	0.0	0.0	0.0	0.0	0.0	0.0	0.0	0.0	0.0	0.0	0.0	0.0	0.0	0.0	0.0	0.0	0.0	0.0	0.0	0.0	0.0	0.0	0.0	0.0	0.0	0.0	0.0	0.0	0.0	0.0	0.0	0.0	0.0	0.0	0.7314	0.0	0.0	0.8816	0.0	0.0	0.0	0.0	0.0	0.0	0.0	0.0	0.0	0.0	0.0	
0.0	0.0	0.0	0.0	0.0	0.0	0.0	0.0	0.0	0.0	0.0	0.0	0.0	0.264	0.1278	0.0	0.0	0.064	0.0	0.0	0.0	0.0	0.0	0.1216	0.0	0.0	0.0	0.0	0.0	0.0	0.0	0.0	0.0	0.0	0.0	0.0	0.0	0.0	0.7242	0.0	0.0	0.0	0.0	0.0	0.0	0.0	0.0	0.0	0.0	0.0	0.0	0.0	0.0	0.7684	0.0	0.0	0.0	0.0	0.0	0.0	0.0	0.0	0.0	0.0	0.0	0.0	0.0	0.0	0.0	0.0	0.0	0.0	0.0	0.0	0.0	0.0	0.0	0.0	0.0	0.0	0.0	0.0	0.0	0.0	0.0	0.0	
0.0	0.0	0.0	0.0	0.0	0.0	0.0	0.0	0.0	0.0	0.0	0.0	0.0	0.277	0.1206	0.0	0.0	0.0566	0.0	0.0	0.0	0.246	0.265	0.127	0.0	0.0	0.0	0.0	0.0	0.0	0.0	0.0	0.0	0.0	0.0	0.0	0.0	0.0	0.0	0.0	0.0	0.0	0.0	0.0	0.0	0.0	0.0	0.0	0.0	0.0	0.0	0.0	0.0	0.0	0.0	0.0	0.0	0.0	0.0	0.0	0.0	0.0	0.0	0.0	0.0	0.0	0.0	0.0	0.0	0.0	0.0	0.0	0.0	0.0	0.0	0.0	0.0	0.0	0.0	0.0	0.0	0.0	0.0	0.0	0.0	0.0	
